[RasterDrawingParams]
Color=7
Orientation=1
XInsertionPoint=0.000000
YInsertionPoint=0.000000
XScale=1.000000
YScale=1.000000
XResolution=400.000000
YResolution=400.000000
Length=9354
Width=18724
Units=7
Comment=NONE
GeoMapping=

